# name: debug
# type: sparse matrix
# nnz: 1004
# rows: 112
# columns: 112

1 1 5676471.490626283
2 1 -47000.030777850
3 1 -86.417576096
4 1 -5668664.535562159
5 1 -19.824643760
6 1 0.000000000
1 2 -47000.030777850
2 2 2660.598982563
3 2 4.764409099
4 2 47020.445997246
5 2 -2267.456159562
6 2 0.000000000
1 3 -86.417576096
2 3 4.764409099
3 3 908297.028374764
4 3 86.454104437
5 3 -4.047437235
6 3 -907016.941861095
1 4 -5668664.535562159
2 4 47020.445997246
3 4 86.454104437
4 4 30668522.108268425
5 4 -98469.776730141
6 4 -94.803832703
7 4 -24999852.000629988
8 4 -38.718012932
9 4 0.000000000
1 5 -19.824643760
2 5 -2267.456159562
3 5 -4.047437235
4 5 -98469.776730141
5 5 12655.583303310
6 5 8.874547902
7 5 98510.937578925
8 5 -9999.946795714
9 5 0.000000000
1 6 0.000000000
2 6 0.000000000
3 6 -907016.941861095
4 6 -94.803832703
5 6 8.874547902
6 6 4907025.240777100
7 6 94.838044009
8 6 -8.500914589
9 6 -4000008.291329701
4 7 -24999852.000629988
5 7 98510.937578925
6 7 94.838044009
7 7 49999684.029022388
8 7 -98210.445181608
9 7 -72.363756950
10 7 -24999851.988378901
11 7 -33.306644672
12 7 0.000000000
4 8 -38.718012932
5 8 -9999.946795714
6 8 -8.500914589
7 8 -98210.445181608
8 8 20386.009602205
9 8 8.783182486
10 8 98249.869747672
11 8 -9999.963208658
12 8 0.000000000
4 9 0.000000000
5 9 0.000000000
6 9 -4000008.291329701
7 9 -72.363756950
8 9 8.783182486
9 9 8000016.590091879
10 9 72.397753562
11 9 -8.498740074
12 9 -4000008.291329701
7 10 -24999851.988378901
8 10 98249.869747672
9 10 72.397753562
10 10 45661146.834362835
11 10 -88833.625077780
12 10 -82.080257868
13 10 -20661275.824405316
14 10 -27.392161609
15 10 0.000000000
7 11 -33.306644672
8 11 -9999.963208658
9 11 -8.498740074
10 11 -88833.625077780
11 11 18646.642049737
12 11 7.989821432
13 11 88864.002446026
14 11 -8264.542657200
15 11 0.000000000
7 12 0.000000000
8 12 0.000000000
9 12 -4000008.291329701
10 12 -82.080257868
11 12 7.989821432
12 12 7305843.266145319
13 12 82.113858430
14 12 -7.636758532
15 12 -3305834.967432712
10 13 -20661275.824405316
11 13 88864.002446026
12 13 82.113858430
13 13 26911096.576038107
14 13 -48486.836930555
15 13 -89.764570034
16 13 -6249821.456270284
17 13 -20.031066699
18 13 0.000000000
10 14 -27.392161609
11 14 -8264.542657200
12 14 -7.636758532
13 14 -48486.836930555
14 14 11140.792631626
15 14 4.896264797
16 14 48499.558130619
17 14 -2499.924232856
18 14 0.000000000
10 15 0.000000000
11 15 0.000000000
12 15 -3305834.967432712
13 15 -89.764570034
14 15 4.896264797
15 15 4305837.048609858
16 15 89.799894263
17 15 -4.199542299
18 15 -1000002.072832425
13 16 -6249821.456270284
14 16 48499.558130619
15 16 89.799894263
16 16 8851111.450368198
17 16 -31111.914177306
18 16 -85.644969230
19 16 -2601287.052460485
20 16 -13.261113602
21 16 0.000000000
13 17 -20.031066699
14 17 -2499.924232856
15 17 -4.199542299
16 17 -31111.914177306
17 17 3912.889220561
18 17 3.734653252
19 17 31127.239977523
20 17 -1040.505023967
21 17 0.000000000
13 18 0.000000000
14 18 0.000000000
15 18 -1000002.072832425
16 18 -85.644969230
17 18 3.734653252
18 18 1416237.956764541
19 18 85.683569696
20 18 -2.709596352
21 18 -416235.874054321
16 19 -2601287.052460485
17 19 31127.239977523
18 19 85.683569696
19 19 27601157.961819291
20 19 -95959.919541369
21 19 -90.738403128
22 19 -24999863.056805845
23 19 -50.813504139
24 19 0.000000000
16 20 -13.261113602
17 20 -1040.505023967
18 20 -2.709596352
19 20 -95959.919541369
20 20 11409.093578813
21 20 8.647350548
22 20 95999.822140264
23 20 -9999.895371941
24 20 0.000000000
16 21 0.000000000
17 21 0.000000000
18 21 -416235.874054321
19 21 -90.738403128
20 21 8.647350548
21 21 4416244.172600682
22 21 90.770925231
23 21 -8.298809793
24 21 -4000008.291329701
19 22 -24999863.056805845
20 22 95999.822140264
21 22 90.770925231
22 22 45660249.317147359
23 22 -86977.621566058
24 22 -79.442422827
25 22 -20660389.426816154
26 22 -26.220443278
27 22 0.000000000
19 23 -50.813504139
20 23 -9999.895371941
21 23 -8.298809793
22 23 -86977.621566058
23 23 18630.667782551
24 23 7.880259564
25 23 87025.623793407
26 23 -8264.189242964
27 23 0.000000000
19 24 0.000000000
20 24 0.000000000
21 24 -4000008.291329701
22 24 -79.442422827
23 24 7.880259564
24 24 7305699.965461539
25 24 79.474918527
26 24 -7.545595984
27 24 -3305691.666936724
22 25 -20660389.426816154
23 25 87025.623793407
24 25 79.474918527
25 25 45660261.745312333
26 25 -95230.754757187
27 25 -79.015791078
28 25 -24999874.171202946
29 25 -34.473547201
30 25 0.000000000
22 26 -26.220443278
23 26 -8264.189242964
24 26 -7.545595984
25 26 -95230.754757187
26 26 18627.077559725
27 26 8.600017179
28 26 95260.958192425
29 26 -9999.955693896
30 26 0.000000000
22 27 0.000000000
23 27 0.000000000
24 27 -3305691.666936724
25 27 -79.015791078
26 27 8.600017179
27 27 7305699.965403484
28 27 79.047992302
29 27 -8.298882429
30 27 -4000008.291329701
25 28 -24999874.171202946
26 28 95260.958192425
27 28 79.047992302
28 28 25026798.087517213
29 28 -3091.654323465
30 28 -566.494435027
31 28 -26872.254801508
32 28 0.950023561
33 28 0.000000000
109 28 20.014869745
110 28 39.682668256
25 29 -34.473547201
26 29 -9999.955693896
27 29 -8.298882429
28 29 -3091.654323465
29 29 10524.458682785
30 29 328.700429139
31 29 3109.884252099
32 29 -11.002806395
33 29 0.000000000
109 29 -139.509322145
110 29 70.364832623
25 30 0.000000000
26 30 0.000000000
27 30 -4000008.291329701
28 30 -566.494435027
29 30 328.700429139
30 30 4004791.749095791
31 30 567.959157660
32 30 -0.317523931
33 30 -4328.258388137
109 30 -235.995317000
110 30 116.418118095
28 31 -26872.254801508
29 31 3109.884252099
30 31 567.959157660
31 31 25026724.213327076
32 31 -94463.555077107
33 31 -555.793961723
34 31 -24999863.112329561
35 31 -40.305156694
36 31 0.000000000
28 32 0.950023561
29 32 -11.002806395
30 32 -0.317523931
31 32 -94463.555077107
32 32 10367.902432459
33 32 10.400229849
34 32 94499.864178360
35 32 -9999.935754392
36 32 0.000000000
28 33 0.000000000
29 33 0.000000000
30 33 -4328.258388137
31 33 -555.793961723
32 33 10.400229849
33 33 4004336.568963434
34 33 555.829568567
35 33 -8.299205457
36 33 -4000008.291329701
31 34 -24999863.112329561
32 34 94499.864178360
33 34 555.829568567
34 34 45660626.674469933
35 34 11.683829806
36 34 -486.282247390
37 34 -20660572.918354530
38 34 0.000000000
39 34 0.000000000
31 35 -40.305156694
32 35 -9999.935754392
33 35 -8.299205457
34 35 11.683829806
35 35 18264.244406589
36 35 4.816730303
37 35 -9.173301716
38 35 -8264.227332315
39 35 0.000000000
31 36 0.000000000
32 36 0.000000000
33 36 -4000008.291329701
34 36 -486.282247390
35 36 4.816730303
36 36 7305699.972519557
37 36 486.282248460
38 36 -4.816946255
39 36 -3305691.666936724
34 37 -20660572.918354530
35 37 -9.173301716
36 37 486.282248460
37 37 45660624.739165165
38 37 11.098196863
39 37 -488.499104168
40 37 -25000040.718558297
41 37 0.002220451
42 37 0.000000000
34 38 0.000000000
35 38 -8264.227332315
36 38 -4.816946255
37 38 11.098196863
38 38 18264.248065569
39 38 5.299998330
40 38 -11.103357636
41 38 -10000.024059000
42 38 0.000000000
34 39 0.000000000
35 39 0.000000000
36 39 -3305691.666936724
37 39 -488.499104168
38 39 5.299998330
39 39 7305699.970620883
40 39 488.498885466
41 39 -5.300217033
42 39 -4000008.291329701
37 40 -25000040.718558297
38 40 -11.103357636
39 40 488.498885466
40 40 50000081.437121525
41 40 0.000000000
42 40 -477.396851239
43 40 -25000040.718558297
44 40 0.001110226
45 40 0.000000000
37 41 0.002220451
38 41 -10000.024059000
39 41 -5.300217033
40 41 0.000000000
41 41 20000.050338452
42 41 5.299105631
43 41 -0.001110225
44 41 -10000.025169226
45 41 0.000000000
37 42 0.000000000
38 42 0.000000000
39 42 -4000008.291329701
40 42 -477.396851239
41 42 5.299105631
42 42 8000016.594583739
43 42 477.396638055
44 42 -5.299106807
45 42 -4000008.291329701
40 43 -25000040.718558297
41 43 -0.001110225
42 43 477.396638055
43 43 30669009.189220227
44 43 2.518140287
45 43 -485.883979357
46 43 -5668984.607976475
47 43 5.035570645
48 43 0.000000000
40 44 0.001110226
41 44 -10000.025169226
42 44 -5.299106807
43 44 2.518140287
44 44 12267.622241000
45 44 2.523109801
46 44 -2.519549833
47 44 -2267.593840955
48 44 0.000000000
40 45 0.000000000
41 45 0.000000000
42 45 -4000008.291329701
43 45 -485.883979357
44 45 2.523109801
45 45 4907045.873058762
46 45 485.884408108
47 45 -2.523756008
48 45 -907037.537276414
43 46 -5668984.607976475
44 46 -2.519549833
45 46 485.884408108
46 46 30669063.668368332
47 46 -5.029726908
48 46 -477.397060892
49 46 -25000062.923062976
50 46 -0.003330675
51 46 0.000000000
43 47 5.035570645
44 47 -2267.593840955
45 47 -2.523756008
46 47 -5.029726908
47 47 12267.606907623
48 47 5.301323727
49 47 -0.005551124
50 47 -10000.015177199
51 47 0.000000000
43 48 0.000000000
44 48 0.000000000
45 48 -907037.537276414
46 48 -477.397060892
47 48 5.301323727
48 48 4907045.840532806
49 48 477.396847708
50 48 -5.301324316
51 48 -4000008.291329701
46 49 -25000062.923062976
47 49 -0.005551124
48 49 477.396847708
49 49 31250064.776013296
50 49 -2.769456848
51 49 -488.499102403
52 49 -6250012.955202659
53 49 2.775007972
54 49 0.000000000
46 50 -0.003330675
47 50 -10000.015177199
48 50 -5.301324316
49 50 -2.769456848
50 50 12500.020360512
51 50 2.650323982
52 50 2.774730416
53 50 -2500.004905757
54 50 0.000000000
46 51 0.000000000
47 51 0.000000000
48 51 -4000008.291329701
49 51 -488.499102403
50 51 2.650323982
51 51 5000010.405152289
52 51 488.499102109
53 51 -2.650324865
54 51 -1000002.072832425
49 52 -6250012.955202659
50 52 2.774730416
51 52 488.499102109
52 52 31250064.776013292
53 52 -2.775840642
54 52 -488.499103580
55 52 -25000040.718558297
56 52 0.001110225
57 52 0.000000000
49 53 2.775007972
50 53 -2500.004905757
51 53 -2.650324865
52 53 -2.775840642
53 53 12500.028687201
54 53 5.302436307
55 53 -0.003330676
56 53 -10000.021838549
57 53 0.000000000
49 54 0.000000000
50 54 0.000000000
51 54 -1000002.072832425
52 54 -488.499103580
53 54 5.302436307
54 54 5000010.376518938
55 54 488.498884288
56 54 -5.302435718
57 54 -4000008.291329701
52 55 -25000040.718558297
53 55 -0.003330676
54 55 488.498884288
55 55 45660602.534665421
56 55 0.006083217
57 55 -486.282245785
58 55 -20660563.743217792
59 55 -9.177889285
60 55 0.000000000
52 56 0.001110225
53 56 -10000.021838549
54 56 -5.302435718
55 56 0.006083217
56 56 18264.251730694
57 56 4.817864839
58 56 -0.002752541
59 56 -8264.231002369
60 56 0.000000000
52 57 0.000000000
53 57 0.000000000
54 57 -4000008.291329701
55 57 -486.282245785
56 57 4.817864839
57 57 7305699.972520627
58 57 486.282029833
59 57 -4.817648886
60 57 -3305691.666936724
55 58 -20660563.743217792
56 58 -0.002752541
57 58 486.282029833
58 58 45660606.388895765
59 58 20.280137551
60 58 -477.396850651
61 58 -25000051.820810635
62 58 0.000000000
63 58 0.000000000
55 59 -9.177889285
56 59 -8264.231002369
57 59 -4.817648886
58 59 20.280137551
59 59 18264.256180600
60 59 5.298894212
61 59 -11.104472792
62 59 -10000.024059000
63 59 0.000000000
55 60 0.000000000
56 60 0.000000000
57 60 -3305691.666936724
58 60 -477.396850651
59 60 5.298894212
60 60 7305699.970190762
61 60 477.396849474
62 60 -5.299105631
63 60 -4000008.291329701
58 61 -25000051.820810635
59 61 -11.104472792
60 61 477.396849474
61 61 31250064.776013292
62 61 0.002220451
63 61 -485.723539906
64 61 -6250007.404076489
65 61 2.775563085
66 61 0.000000000
58 62 0.000000000
59 62 -10000.024059000
60 62 -5.299105631
61 62 0.002220451
62 62 12500.029241081
63 62 2.650108222
64 62 -0.000832669
65 62 -2500.004349412
66 62 0.000000000
58 63 0.000000000
59 63 0.000000000
60 63 -4000008.291329701
61 63 -485.723539906
62 63 2.650108222
63 63 5000010.404719647
64 63 485.723107614
65 63 -2.650321867
66 63 -1000002.072832425
61 64 -6250007.404076489
62 64 -0.000832669
63 64 485.723107614
64 64 9027827.365846563
65 64 -2.774587246
66 64 4133.366068112
67 64 -2777782.302062032
68 64 -17.270285997
69 64 0.000000000
109 64 24.581173003
110 64 37.028006502
61 65 2.775563085
62 65 -2500.004349412
63 65 -2.650321867
64 65 -2.774587246
65 65 3767.365003633
66 65 256.939081081
67 65 0.006784708
68 65 -1111.113044183
69 65 0.000000000
109 65 -130.176566081
110 65 86.418246742
61 66 0.000000000
62 66 0.000000000
63 66 -1000002.072832425
64 66 4133.366068112
65 66 256.939081081
66 66 1444872.705103657
67 66 -4143.607279485
68 66 -1.792253542
69 66 -444445.365703300
109 66 -218.255235833
110 66 132.599339273
64 67 -2777782.302062032
65 67 0.006784708
66 67 -4143.607279485
67 67 23439233.731035236
68 67 17.258797831
69 67 4147.339741378
70 67 -20661459.370919973
71 67 -18.346473046
72 67 0.000000000
64 68 -17.270285997
65 68 -1111.113044183
66 68 -1.792253542
67 68 17.258797831
68 68 9375.700940213
69 68 4.817155603
70 68 0.005505321
71 68 -8264.589253689
72 68 0.000000000
64 69 0.000000000
65 69 0.000000000
66 69 -444445.365703300
67 69 4147.339741378
68 69 4.817155603
69 69 3750281.168432625
70 69 -4147.341582632
71 69 -4.820840252
72 69 -3305834.967432712
67 70 -20661459.370919973
68 70 0.005505321
69 70 -4147.341582632
70 70 45661498.162765346
71 70 18.347784093
72 70 4141.138285226
73 70 -25000051.820805710
74 70 -11.104467860
75 70 0.000000000
67 71 -18.346473046
68 71 -8264.589253689
69 71 -4.820840252
70 71 18.347784093
71 71 18264.616274321
72 71 5.300216444
73 71 0.007771578
74 71 -10000.019618098
75 71 0.000000000
67 72 0.000000000
68 72 0.000000000
69 72 -3305834.967432712
70 72 4141.138285226
71 72 5.300216444
72 72 7305843.947531873
73 72 -4141.141958001
74 72 -5.302052538
75 72 -4000008.291329701
70 73 -25000051.820805710
71 73 0.007771578
72 73 -4141.141958001
73 73 26562577.264120918
74 73 11.094416308
75 73 4142.527904480
76 73 -1562503.238800665
77 73 -16.653309122
78 73 0.000000000
70 74 -11.104467860
71 74 -10000.019618098
72 74 -5.302052538
73 74 11.094416308
74 74 10625.015089868
75 74 1.324984134
76 74 0.006730739
77 74 -625.001087353
78 74 0.000000000
70 75 0.000000000
71 75 0.000000000
72 75 -4000008.291329701
73 75 4142.527904480
74 75 1.324984134
75 75 4250019.795067932
76 75 -4142.527890358
77 75 -1.369135924
78 75 -250000.518208106
73 76 -1562503.238800665
74 76 0.006730739
75 76 -4142.527890358
76 76 2234363.357677722
77 76 16.646588098
78 76 4143.107562968
79 76 -671860.417242792
80 76 -16.111693777
81 76 0.000000000
73 77 -16.653309122
74 77 -625.001087353
75 77 -1.369135924
76 77 16.646588098
77 77 893.745262441
78 77 0.868781357
79 77 0.006623719
80 77 -268.743898368
81 77 0.000000000
73 78 0.000000000
74 78 0.000000000
75 78 -250000.518208106
76 78 4143.107562968
77 78 0.868781357
78 78 357523.689016290
79 78 -4143.109381657
80 78 -0.968136358
81 78 -107497.619020318
76 79 -671860.417242792
77 79 0.006623719
78 79 -4143.109381657
79 79 25671912.536419526
80 79 16.106247111
81 79 4141.140123673
82 79 -25000040.718558297
83 79 -11.103362566
84 79 0.000000000
76 80 -16.111693777
77 80 -268.743898368
78 80 -0.968136358
79 80 16.106247111
80 80 10268.756101429
81 80 5.299102689
82 80 0.004440899
83 80 -10000.015177199
84 80 0.000000000
76 81 0.000000000
77 81 0.000000000
78 81 -107497.619020318
79 81 4141.140123673
80 81 5.299102689
81 81 4107506.599118303
82 81 -4141.138281696
83 81 -5.300943489
84 81 -4000008.291329701
79 82 -25000040.718558297
80 82 0.004440899
81 82 -4141.138281696
82 82 45661498.162765346
83 82 1.921354475
84 82 4138.166050824
85 82 -20661477.721988931
86 82 -18.350151411
87 82 0.000000000
79 83 -11.103362566
80 83 -10000.015177199
81 83 -5.300943489
82 83 1.921354475
83 83 18264.602265247
84 83 4.818069478
85 83 9.181961429
86 83 -8264.584657772
87 83 0.000000000
79 84 0.000000000
80 84 0.000000000
81 84 -4000008.291329701
82 84 4138.166050824
83 84 4.818069478
84 84 7305844.090382732
85 84 -4138.167885328
86 84 -4.823583158
87 84 -3305834.967432712
82 85 -20661477.721988931
83 85 9.181961429
84 85 -4138.167885328
85 85 45661538.718338132
86 85 18.345764465
87 85 4141.140123673
88 85 -25000040.718558297
89 85 -11.103362565
90 85 0.000000000
82 86 -18.350151411
83 86 -8264.584657772
84 86 -4.823583158
85 86 18.345764465
86 86 18264.604107648
87 86 5.297994229
88 86 0.007771576
89 86 -10000.015177199
90 86 0.000000000
82 87 0.000000000
83 87 0.000000000
84 87 -3305834.967432712
85 87 4141.140123673
86 87 5.297994229
87 87 7305843.947529521
88 87 -4141.138279932
89 87 -5.299831500
90 87 -4000008.291329701
85 88 -25000040.718558297
86 88 0.007771576
87 88 -4141.138279932
88 88 50000081.437121533
89 88 11.093365612
90 88 4141.140122496
91 88 -25000051.820810635
92 88 -11.101142116
93 88 0.000000000
85 89 -11.103362565
86 89 -10000.015177199
87 89 -5.299831500
88 89 11.093365612
89 89 20000.025918429
90 89 5.301323727
91 89 0.004440899
92 89 -10000.016287424
93 89 0.000000000
85 90 0.000000000
86 90 0.000000000
87 90 -4000008.291329701
88 90 4141.140122496
89 90 5.301323727
90 90 8000017.271430040
91 90 -4141.140120731
92 90 -5.303163940
93 90 -4000008.291329701
88 91 -25000051.820810635
89 91 0.004440899
90 91 -4141.140120731
91 91 50000103.641621277
92 91 11.100031891
93 91 4141.140124261
94 91 -25000040.718558297
95 91 -22.206725132
96 91 0.000000000
88 92 -11.101142116
89 92 -10000.016287424
90 92 -5.303163940
91 92 11.100031891
92 92 20000.041461579
93 92 5.297995405
94 92 0.005551127
95 92 -10000.022948775
96 92 0.000000000
88 93 0.000000000
89 93 0.000000000
90 93 -4000008.291329701
91 93 4141.140124261
92 93 5.297995405
93 93 8000017.271426510
94 93 -4141.138281108
95 93 -5.301673476
96 93 -4000008.291329701
91 94 -25000040.718558297
92 94 0.005551127
93 94 -4141.138281108
94 94 49998867.179808527
95 94 22.200053867
96 94 4152.042544682
97 94 -24998859.766933698
98 94 -0.001110172
99 94 0.000000000
91 95 -22.206725132
92 95 -10000.022948775
93 95 -5.301673476
94 95 22.200053867
95 95 19999.573536307
96 95 5.299964308
97 95 0.008881381
98 95 -9999.543906774
99 95 0.000000000
91 96 0.000000000
92 96 0.000000000
93 96 -4000008.291329701
94 96 4152.042544682
95 96 5.299964308
96 96 7999826.546459325
97 96 -4152.046227143
98 96 -5.299960777
99 96 -3999817.562710179
94 97 -24998859.766933698
95 97 0.008881381
96 97 -4152.046227143
97 97 45660350.516843937
98 97 -9.184415857
99 97 4138.166051359
100 97 -20661459.370919973
101 97 -9.175534482
102 97 0.000000000
94 98 -0.001110172
95 98 -9999.543906774
96 98 -5.299960777
97 98 -9.184415857
98 98 18264.122833293
99 98 4.816234907
100 98 9.182870834
101 98 -8264.585579400
102 98 0.000000000
94 99 0.000000000
95 99 0.000000000
96 99 -3999817.562710179
97 99 4138.166051359
98 99 4.816234907
99 99 7305653.361761069
100 99 -4138.164209365
101 99 -4.819910336
102 99 -3305834.967432712
97 100 -20661459.370919973
98 100 9.182870834
99 100 -4138.164209365
100 100 26911457.599467296
101 100 9.167912424
102 100 4143.913845608
103 100 -6250010.179639575
104 100 -16.653093559
105 100 0.000000000
97 101 -9.175534482
98 101 -8264.585579400
99 101 -4.819910336
100 101 9.167912424
101 101 10764.590769631
102 101 2.649830077
103 101 0.006106239
104 101 -2500.005737194
105 101 0.000000000
97 102 0.000000000
98 102 0.000000000
99 102 -3305834.967432712
100 102 4143.913845608
101 102 2.649830077
102 102 4305839.790594030
103 102 -4143.915679698
104 102 -2.660872274
105 102 -1000002.072832425
100 103 -6250010.179639575
101 103 0.006106239
102 103 -4143.915679698
103 103 6250101.844027323
104 103 16.647306965
105 103 -14.026516304
109 103 24.583048046
110 103 37.026772922
111 103 24.583038177
112 103 37.026772922
100 104 -16.653093559
101 104 -2500.005737194
102 104 -2.660872274
103 104 16.647306965
104 104 2812.506596560
105 104 504.926536397
109 104 -130.172298638
110 104 86.424878913
111 104 -130.172298638
112 104 86.424878913
100 105 0.000000000
101 105 0.000000000
102 105 -1000002.072832425
103 105 -14.026516304
104 105 504.926536397
105 105 1000820.779981624
109 105 -216.874646394
110 105 131.023324952
111 105 -211.539037507
112 105 136.575440920
106 106 16.787491794
107 106 31.042856577
108 106 1.486784444
109 106 -16.879942500
110 106 -30.992694139
106 107 31.042856577
107 107 73.469109064
108 107 26.538344977
109 107 -31.261697223
110 107 -73.376282619
106 108 1.486784444
107 108 26.538344977
108 108 35.356875940
109 108 -1.565875680
110 108 -26.533801978
28 109 20.014869745
29 109 -139.509322145
30 109 -235.995317000
64 109 24.581173003
65 109 -130.176566081
66 109 -218.255235833
103 109 24.583048046
104 109 -130.172298638
105 109 -216.874646394
106 109 -16.879942500
107 109 -31.261697223
108 109 -1.565875680
109 109 394.642249439
110 109 -116.783052728
28 110 39.682668256
29 110 70.364832623
30 110 116.418118095
64 110 37.028006502
65 110 86.418246742
66 110 132.599339273
103 110 37.026772922
104 110 86.424878913
105 110 131.023324952
106 110 -30.992694139
107 110 -73.376282619
108 110 -26.533801978
109 110 -116.783052728
110 110 297.697831486
103 111 24.583038177
104 111 -130.172298638
105 111 -211.539037507
111 111 122.044160293
112 111 -51.520531657
103 112 37.026772922
104 112 86.424878913
105 112 136.575440920
111 112 -51.520531657
112 112 78.650321643
