# name: debug
# type: sparse matrix
# nnz: 1004
# rows: 112
# columns: 112

1 1 5676471.490626283
2 1 -47000.030777850
3 1 -86.417576096
4 1 -5668664.535562159
5 1 -19.824643760
6 1 0.000000000
1 2 -47000.030777850
2 2 2660.598982563
3 2 4.764409099
4 2 47020.445997246
5 2 -2267.456159562
6 2 0.000000000
1 3 -86.417576096
2 3 4.764409099
3 3 908297.028374764
4 3 86.454104437
5 3 -4.047437235
6 3 -907016.941861095
1 4 -5668664.535562159
2 4 47020.445997246
3 4 86.454104437
4 4 30668522.108268425
5 4 -98469.776730141
6 4 -94.803832703
7 4 -24999852.000629988
8 4 -38.718012932
9 4 0.000000000
1 5 -19.824643760
2 5 -2267.456159562
3 5 -4.047437235
4 5 -98469.776730141
5 5 12655.583303310
6 5 8.874547902
7 5 98510.937578925
8 5 -9999.946795714
9 5 0.000000000
1 6 0.000000000
2 6 0.000000000
3 6 -907016.941861095
4 6 -94.803832703
5 6 8.874547902
6 6 4907025.240777100
7 6 94.838044009
8 6 -8.500914589
9 6 -4000008.291329701
4 7 -24999852.000629988
5 7 98510.937578925
6 7 94.838044009
7 7 49999684.029022388
8 7 -98210.445181608
9 7 -72.363756950
10 7 -24999851.988378901
11 7 -33.306644672
12 7 0.000000000
4 8 -38.718012932
5 8 -9999.946795714
6 8 -8.500914589
7 8 -98210.445181608
8 8 20386.009602205
9 8 8.783182486
10 8 98249.869747672
11 8 -9999.963208658
12 8 0.000000000
4 9 0.000000000
5 9 0.000000000
6 9 -4000008.291329701
7 9 -72.363756950
8 9 8.783182486
9 9 8000016.590091879
10 9 72.397753562
11 9 -8.498740074
12 9 -4000008.291329701
7 10 -24999851.988378901
8 10 98249.869747672
9 10 72.397753562
10 10 45661146.834362835
11 10 -88833.625077780
12 10 -82.080257868
13 10 -20661275.824405316
14 10 -27.392161609
15 10 0.000000000
7 11 -33.306644672
8 11 -9999.963208658
9 11 -8.498740074
10 11 -88833.625077780
11 11 18646.642049737
12 11 7.989821432
13 11 88864.002446026
14 11 -8264.542657200
15 11 0.000000000
7 12 0.000000000
8 12 0.000000000
9 12 -4000008.291329701
10 12 -82.080257868
11 12 7.989821432
12 12 7305843.266145319
13 12 82.113858430
14 12 -7.636758532
15 12 -3305834.967432712
10 13 -20661275.824405316
11 13 88864.002446026
12 13 82.113858430
13 13 26911096.576038107
14 13 -48486.836930555
15 13 -89.764570034
16 13 -6249821.456270284
17 13 -20.031066699
18 13 0.000000000
10 14 -27.392161609
11 14 -8264.542657200
12 14 -7.636758532
13 14 -48486.836930555
14 14 11140.792631626
15 14 4.896264797
16 14 48499.558130619
17 14 -2499.924232856
18 14 0.000000000
10 15 0.000000000
11 15 0.000000000
12 15 -3305834.967432712
13 15 -89.764570034
14 15 4.896264797
15 15 4305837.048609858
16 15 89.799894263
17 15 -4.199542299
18 15 -1000002.072832425
13 16 -6249821.456270284
14 16 48499.558130619
15 16 89.799894263
16 16 8851111.450368198
17 16 -31111.914177306
18 16 -85.644969230
19 16 -2601287.052460485
20 16 -13.261113602
21 16 0.000000000
13 17 -20.031066699
14 17 -2499.924232856
15 17 -4.199542299
16 17 -31111.914177306
17 17 3912.889220561
18 17 3.734653252
19 17 31127.239977523
20 17 -1040.505023967
21 17 0.000000000
13 18 0.000000000
14 18 0.000000000
15 18 -1000002.072832425
16 18 -85.644969230
17 18 3.734653252
18 18 1416237.956764541
19 18 85.683569696
20 18 -2.709596352
21 18 -416235.874054321
16 19 -2601287.052460485
17 19 31127.239977523
18 19 85.683569696
19 19 27601157.961819291
20 19 -95959.919541369
21 19 -90.738403128
22 19 -24999863.056805845
23 19 -50.813504139
24 19 0.000000000
16 20 -13.261113602
17 20 -1040.505023967
18 20 -2.709596352
19 20 -95959.919541369
20 20 11409.093578813
21 20 8.647350548
22 20 95999.822140264
23 20 -9999.895371941
24 20 0.000000000
16 21 0.000000000
17 21 0.000000000
18 21 -416235.874054321
19 21 -90.738403128
20 21 8.647350548
21 21 4416244.172600682
22 21 90.770925231
23 21 -8.298809793
24 21 -4000008.291329701
19 22 -24999863.056805845
20 22 95999.822140264
21 22 90.770925231
22 22 45660249.317147359
23 22 -86977.621566058
24 22 -79.442422827
25 22 -20660389.426816154
26 22 -26.220443278
27 22 0.000000000
19 23 -50.813504139
20 23 -9999.895371941
21 23 -8.298809793
22 23 -86977.621566058
23 23 18630.667782551
24 23 7.880259564
25 23 87025.623793407
26 23 -8264.189242964
27 23 0.000000000
19 24 0.000000000
20 24 0.000000000
21 24 -4000008.291329701
22 24 -79.442422827
23 24 7.880259564
24 24 7305699.965461539
25 24 79.474918527
26 24 -7.545595984
27 24 -3305691.666936724
22 25 -20660389.426816154
23 25 87025.623793407
24 25 79.474918527
25 25 45660261.745312333
26 25 -95230.754757187
27 25 -79.015791078
28 25 -24999874.171202946
29 25 -34.473547201
30 25 0.000000000
22 26 -26.220443278
23 26 -8264.189242964
24 26 -7.545595984
25 26 -95230.754757187
26 26 18627.077559725
27 26 8.600017179
28 26 95260.958192425
29 26 -9999.955693896
30 26 0.000000000
22 27 0.000000000
23 27 0.000000000
24 27 -3305691.666936724
25 27 -79.015791078
26 27 8.600017179
27 27 7305699.965403484
28 27 79.047992302
29 27 -8.298882429
30 27 -4000008.291329701
25 28 -24999874.171202946
26 28 95260.958192425
27 28 79.047992302
28 28 25026798.087517213
29 28 -3091.654323465
30 28 -566.494435027
31 28 -26872.254801508
32 28 0.950023561
33 28 0.000000000
109 28 20.014869745
110 28 39.682668256
25 29 -34.473547201
26 29 -9999.955693896
27 29 -8.298882429
28 29 -3091.654323465
29 29 10524.458682785
30 29 328.700429139
31 29 3109.884252099
32 29 -11.002806395
33 29 0.000000000
109 29 -139.509322145
110 29 70.364832623
25 30 0.000000000
26 30 0.000000000
27 30 -4000008.291329701
28 30 -566.494435027
29 30 328.700429139
30 30 4004791.749095791
31 30 567.959157660
32 30 -0.317523931
33 30 -4328.258388137
109 30 -235.995317000
110 30 116.418118095
28 31 -26872.254801508
29 31 3109.884252099
30 31 567.959157660
31 31 25026724.213327076
32 31 -94463.555077107
33 31 -555.793961723
34 31 -24999863.112329561
35 31 -40.305156694
36 31 0.000000000
28 32 0.950023561
29 32 -11.002806395
30 32 -0.317523931
31 32 -94463.555077107
32 32 10367.902432459
33 32 10.400229849
34 32 94499.864178360
35 32 -9999.935754392
36 32 0.000000000
28 33 0.000000000
29 33 0.000000000
30 33 -4328.258388137
31 33 -555.793961723
32 33 10.400229849
33 33 4004336.568963434
34 33 555.829568567
35 33 -8.299205457
36 33 -4000008.291329701
31 34 -24999863.112329561
32 34 94499.864178360
33 34 555.829568567
34 34 45660626.674469933
35 34 11.683829806
36 34 -486.282247390
37 34 -20660572.918354530
38 34 0.000000000
39 34 0.000000000
31 35 -40.305156694
32 35 -9999.935754392
33 35 -8.299205457
34 35 11.683829806
35 35 18264.244406589
36 35 4.816730303
37 35 -9.173301716
38 35 -8264.227332315
39 35 0.000000000
31 36 0.000000000
32 36 0.000000000
33 36 -4000008.291329701
34 36 -486.282247390
35 36 4.816730303
36 36 7305699.972519557
37 36 486.282248460
38 36 -4.816946255
39 36 -3305691.666936724
34 37 -20660572.918354530
35 37 -9.173301716
36 37 486.282248460
37 37 45660624.739165165
38 37 11.098196863
39 37 -488.499104168
40 37 -25000040.718558297
41 37 0.002220451
42 37 0.000000000
34 38 0.000000000
35 38 -8264.227332315
36 38 -4.816946255
37 38 11.098196863
38 38 18264.248065569
39 38 5.299998330
40 38 -11.103357636
41 38 -10000.024059000
42 38 0.000000000
34 39 0.000000000
35 39 0.000000000
36 39 -3305691.666936724
37 39 -488.499104168
38 39 5.299998330
39 39 7305699.970620883
40 39 488.498885466
41 39 -5.300217033
42 39 -4000008.291329701
37 40 -25000040.718558297
38 40 -11.103357636
39 40 488.498885466
40 40 50000081.437121525
41 40 0.000000000
42 40 -477.396851239
43 40 -25000040.718558297
44 40 0.001110226
45 40 0.000000000
37 41 0.002220451
38 41 -10000.024059000
39 41 -5.300217033
40 41 0.000000000
41 41 20000.050338452
42 41 5.299105631
43 41 -0.001110225
44 41 -10000.025169226
45 41 0.000000000
37 42 0.000000000
38 42 0.000000000
39 42 -4000008.291329701
40 42 -477.396851239
41 42 5.299105631
42 42 8000016.594583739
43 42 477.396638055
44 42 -5.299106807
45 42 -4000008.291329701
40 43 -25000040.718558297
41 43 -0.001110225
42 43 477.396638055
43 43 30669009.189220227
44 43 2.518140287
45 43 -485.883979357
46 43 -5668984.607976475
47 43 5.035570645
48 43 0.000000000
