# name: debug
# type: sparse matrix
# nnz: 427
# rows: 47
# columns: 47

1 1 129.998002399
2 1 0.419215781
3 1 -346943.767173031
4 1 124.988252330
5 1 -1.328700864
6 1 0.000000000
1 2 0.419215781
2 2 504.989602774
3 2 -162968.695338395
4 2 7.467746382
5 2 499.991689305
6 2 0.000000000
1 3 -346943.767173031
2 3 -162968.695338395
3 3 1015354660.123439789
4 3 -349197.746078472
5 3 -158119.759851612
6 3 -16414.034466265
1 4 124.988252330
2 4 7.467746382
3 4 -349197.746078472
4 4 250.048072848
5 4 5.123386876
6 4 -332829.377209454
7 4 73.945665860
8 4 100.769727565
9 4 0.000000000
1 5 -1.328700864
2 5 499.991689305
3 5 -158119.759851612
4 5 5.123386876
5 5 999.780613942
6 5 -177457.392694734
7 5 -404.739476146
8 5 293.176077582
9 5 0.000000000
1 6 0.000000000
2 6 0.000000000
3 6 -16414.034466265
4 6 -332829.377209454
5 6 -177457.392694734
6 6 950593459.828947663
7 6 -52059.614719064
8 6 -373584.194518395
9 6 -16414.034466265
4 7 73.945665860
5 7 -404.739476146
6 7 -52059.614719064
7 7 495.976393584
8 7 -179.804228753
9 7 15667.885383330
10 7 -120.040023848
11 7 34.939743631
12 7 0.000000000
4 8 100.769727565
5 8 293.176077582
6 8 -373584.194518395
7 8 -179.804228753
8 8 753.793030355
9 8 24717.840276875
10 8 -131.002153019
11 8 -482.519474196
12 8 0.000000000
4 9 0.000000000
5 9 0.000000000
6 9 -16414.034466265
7 9 15667.885383330
8 9 24717.840276875
9 9 3241189.606421146
10 9 -21668.406171666
11 9 -19670.606751211
12 9 -16414.034466265
7 10 -120.040023848
8 10 -131.002153019
9 10 -21668.406171666
10 10 275.625289697
11 10 94.314271046
12 10 2734809.197022456
13 10 114.306020897
14 10 -50.954325733
15 10 0.000000000
7 11 34.939743631
8 11 -482.519474196
9 11 -19670.606751211
10 11 94.314271046
11 11 973.102042310
12 11 -5870859.773482592
13 11 203.342811454
14 11 457.801455656
15 11 0.000000000
7 12 0.000000000
8 12 0.000000000
9 12 -16414.034466265
10 12 2734809.197022456
11 12 -5870859.773482592
12 12 128845757386.969772339
13 12 104239.194378503
14 12 -6501172.555405724
15 12 -16414.034466265
10 13 114.306020897
11 13 203.342811454
12 13 104239.194378503
13 13 313909130223182139140137901457949526820901182060363776.000000000
14 13 243257891670062024938610571245551318637524736966393856.000000000
15 13 2855093.290653025
16 13 0.935971407
17 13 0.096349998
18 13 124.915025843
19 13 3.177200733
20 13 0.000000000
10 14 -50.954325733
11 14 457.801455656
12 14 -6501172.555405724
13 14 243257891670062024938610571245551318637524736966393856.000000000
14 14 188508062246204799081809953482735687993235327386910720.000000000
15 14 -9130832.053773105
16 14 -0.331189883
17 14 -0.034093075
18 14 -17.060600134
19 14 500.451715220
20 14 0.000000000
10 15 0.000000000
11 15 0.000000000
12 15 -16414.034466265
13 15 2855093.290653025
14 15 -9130832.053773105
15 15 231418367959.867706299
16 15 0.014443969
17 15 0.001082627
18 15 3159259.994312542
19 15 -9042937.330501286
20 15 -16414.034466265
13 16 0.935971407
14 16 -0.331189883
15 16 0.014443969
16 16 2.908922899
17 16 0.129596041
30 16 -0.950582725
31 16 0.000000000
32 16 0.000022204
45 16 0.763176685
46 16 0.662379765
47 16 0.000000000
13 17 0.096349998
14 17 -0.034093075
15 17 0.001082627
16 17 0.129596041
17 17 0.011223192
30 17 0.000000000
31 17 -0.000000002
32 17 -0.000421885
45 17 0.022446372
46 17 0.019481759
47 17 -0.000399680
13 18 124.915025843
14 18 -17.060600134
15 18 3159259.994312542
18 18 250.650466221
19 18 -13.918318701
20 18 940390.644238328
21 18 53.724408202
22 18 -112.834990038
23 18 0.000000000
13 19 3.177200733
14 19 500.451715220
15 19 -9042937.330501286
18 19 -13.918318701
19 19 1000.567971543
20 19 819357.097206039
21 19 449.821002899
22 19 218.110205205
23 19 0.000000000
13 20 0.000000000
14 20 0.000000000
15 20 -16414.034466265
18 20 940390.644238328
19 20 819357.097206039
20 20 8438653754.430853844
21 20 1146933.949249772
22 20 -490534.031924959
23 20 -16414.034466265
18 21 53.724408202
19 21 449.821002899
20 21 1146933.949249772
21 21 553.352155597
22 21 146.874791676
23 21 -438.544721579
24 21 -102.952566943
25 21 70.894387252
26 21 0.000000000
18 22 -112.834990038
19 22 218.110205205
20 22 -490534.031924959
21 22 146.874791676
22 22 696.477451317
23 22 549.512172951
24 22 -282.007535415
25 22 -412.882387316
26 22 0.000000000
18 23 0.000000000
19 23 0.000000000
20 23 -16414.034466265
21 23 -438.544721579
22 23 549.512172951
23 23 34967.635798659
24 23 51.668383786
25 23 -701.152986749
26 23 -16414.034466265
21 24 -102.952566943
22 24 -282.007535415
23 24 51.668383786
24 24 369.210352442
25 24 175.340688098
26 24 163494.724097329
27 24 62.666376127
28 24 108.154210827
29 24 0.000000000
21 25 70.894387252
22 25 -412.882387316
23 25 -701.152986749
24 25 175.340688098
25 25 880.786466199
26 25 251690.235607746
27 25 -430.822554970
28 25 253.762574948
29 25 0.000000000
21 26 0.000000000
22 26 0.000000000
23 26 -16414.034466265
24 26 163494.724097329
25 26 251690.235607746
26 26 339617902.738870561
27 26 -134281.575921852
28 26 268405.096065725
29 26 -16414.034466265
24 27 62.666376127
25 27 -430.822554970
26 27 -134281.575921852
27 27 528.239799484
28 27 -165.365411493
29 27 242744.001804376
30 27 -61.881430093
31 27 -108.614258957
32 27 0.000000000
24 28 108.154210827
25 28 253.762574948
26 28 268405.096065725
27 28 -165.365411493
28 28 721.613095668
29 28 -842215.682127758
30 28 437.433948992
31 28 -241.984644242
32 28 0.000000000
24 29 0.000000000
25 29 0.000000000
26 29 -16414.034466265
27 29 242744.001804376
28 29 -842215.682127758
29 29 1882207563.231647253
30 29 -853985.392790328
31 29 197415.655944917
32 29 -16414.034466265
16 30 -0.950582725
17 30 0.000000000
27 30 -61.881430093
28 30 437.433948992
29 30 -853985.392790328
30 30 703687441776639852426047410323587072.000000000
31 30 661156572795659656153627399947322130432.000000000
32 30 -434766.895467131
33 30 -123.636887942
34 30 18.486058707
35 30 0.000000000
16 31 0.000000000
17 31 -0.000000002
27 31 -108.614258957
28 31 -241.984644242
29 31 197415.655944917
30 31 661156572795659656153627399947322130432.000000000
31 31 621196269535889972503095708717697835466752.000000000
32 31 12221.046631693
33 31 -67.610135260
34 31 -495.270062856
35 31 0.000000000
16 32 0.000022204
17 32 -0.000421885
27 32 0.000000000
28 32 0.000000000
29 32 -16414.034466265
30 32 -434766.895467131
31 32 12221.046631693
32 32 1512273642.994080067
33 32 428930.461438161
34 32 -72047.287142376
35 32 -16414.034466265
30 33 -123.636887942
31 33 -67.610135260
32 33 428930.461438161
33 33 256.772972082
34 33 49.188697906
35 33 -2747.244171291
36 33 64.288134611
37 33 107.204737921
38 33 0.000000000
30 34 18.486058707
31 34 -495.270062856
32 34 -72047.287142376
33 34 49.188697906
34 34 993.191666904
35 34 -1223.505913265
36 34 -430.709386651
37 34 253.946920415
38 34 0.000000000
30 35 0.000000000
31 35 0.000000000
32 35 -16414.034466265
33 35 -2747.244171291
34 35 -1223.505913265
35 35 96280.939501080
36 35 -345.803075960
37 35 -2987.431690771
38 35 -16414.034466265
33 36 64.288134611
34 36 -430.709386651
35 36 -345.803075960
36 36 528.453298786
37 36 -166.763602385
38 36 -3314318.345292776
39 36 -60.136004683
40 36 109.427917105
41 36 0.000000000
33 37 107.204737921
34 37 253.946920415
35 37 -2987.431690771
36 37 -166.763602385
37 37 722.021020231
38 37 -747652.951700541
39 37 -430.813628347
40 37 -254.037828990
41 37 0.000000000
33 38 0.000000000
34 38 0.000000000
35 38 -16414.034466265
36 38 -3314318.345292776
37 38 -747652.951700541
38 38 89209723148.154602051
39 38 2303682.862519136
40 38 -2487805.890096124
41 38 -16414.034466265
36 39 -60.136004683
37 39 -430.813628347
38 39 2303682.862519136
39 39 526.779815908
40 39 165.506323003
41 39 1486979.125008851
42 39 -69.187478619
43 39 -103.881520848
44 39 0.000000000
36 40 109.427917105
37 40 -254.037828990
38 40 -2487805.890096124
39 40 165.506323003
40 40 720.001301933
41 40 902135.985504341
42 40 413.360356529
43 40 -279.437398438
44 40 0.000000000
36 41 0.000000000
37 41 0.000000000
38 41 -16414.034466265
39 41 1486979.125008851
40 41 902135.985504341
41 41 19340024191.807506561
42 41 -83828.064084513
43 41 -1738957.131723997
44 41 -16414.034466265
39 42 -69.187478619
40 42 413.360356529
41 42 -83828.064084513
42 42 507.838441321
43 42 -173.152723232
44 42 -125122.665721689
45 42 -124.332475011
46 42 16.378508132
47 42 0.000000000
39 43 -103.881520848
40 43 -279.437398438
41 43 -1738957.131723997
42 43 -173.152723232
43 43 743.124782452
44 43 63001.946546202
45 43 -70.994361815
46 43 -496.805535701
47 43 0.000000000
39 44 0.000000000
40 44 0.000000000
41 44 -16414.034466265
42 44 -125122.665721689
43 44 63001.946546202
44 44 133105701.080806449
45 44 115164.856969121
46 44 -79834.076441628
47 44 -16414.034466265
16 45 0.763176685
17 45 0.022446372
42 45 -124.332475011
43 45 -70.994361815
44 45 115164.856969121
45 45 184134192306442309889876929754850510717751931695005696.000000000
46 45 267474692596009501517828206786829259461911671203692544.000000000
47 45 0.000266454
16 46 0.662379765
17 46 0.019481759
42 46 16.378508132
43 46 -496.805535701
44 46 -79834.076441628
45 46 267474692596009501517828206786829259461911671203692544.000000000
46 46 388535721058617874406519230129137038699712804726767616.000000000
47 46 -0.000288658
16 47 0.000000000
17 47 -0.000399680
42 47 0.000000000
43 47 0.000000000
44 47 -16414.034466265
45 47 0.000266454
46 47 -0.000288658
47 47 16514.034482813
